# callgrind format
version: 1
creator: callgrind-3.22.0
pid: 1082426
cmd:  ./main 1
part: 1


desc: I1 cache: 
desc: D1 cache: 
desc: LL cache: 

desc: Timerange: Basic block 0 - 129157089
desc: Trigger: Program termination

positions: line
events: Ir
summary: 588858078


ob=(2) /usr/lib/x86_64-linux-gnu/libc.so.6
fl=(191) ./libio/./libio/genops.c
fn=(660) _IO_doallocbuf
343 1
+1 2
-1 7
+3 3
+1 1
fi=(195) ./libio/./libio/libioP.h
1025 3
+1 2
fe=(191)
347 2
cfi=(192) ./libio/./libio/filedoalloc.c
cfn=(662) _IO_file_doallocate
calls=1 78 
* 281
* 2
+3 6

fn=(678) _IO_default_xsputn
371 11
+3 4
fi=(195)
1025 1
fe=(191)
373 2
+26 122
fi=(195)
1025 80
+1 80
fe=(191)
399 160
cfi=(190) ./libio/./libio/fileops.c
cfn=(658) _IO_file_overflow@@GLIBC_2.2.5
calls=40 732 
* 1672
* 80
+2 40
-2 40
-20 164
-4 1
+29 8

fn=(674) _IO_setb
329 11
+1 4
+5 2
-3 1
+3 2
-2 1
+2 2
+3 6

fl=(200) ./misc/../sysdeps/unix/sysv/linux/brk.c
fn=(706) brk
36 2
fi=(213) ./misc/../sysdeps/unix/sysv/linux/brk_call.h
-12 4
fe=(200)
+13 4
+1 4
+6 2
+1 2

fl=(196) ./io/../sysdeps/unix/sysv/linux/write.c
fn=(684) write
25 6
+1 36
+1 6

fl=(176) ./stdlib/./stdlib/random.c
fn=(590) random
288 24
+3 12
-3 60
+3 24
+2 36
cfi=(177) ./stdlib/./stdlib/random_r.c
cfn=(592) random_r
calls=2000014 +61 
* 336
+2 48
+2 12
+1 60

fl=(193) ./io/../sysdeps/unix/sysv/linux/fstat64.c
fn=(666) fstat
30 1
+9 4
+33 1

fl=(174) ./string/../sysdeps/x86_64/multiarch/memset-vec-unaligned-erms.S
fn=(580) __memset_avx2_unaligned_erms
158 4
+1 8
+5 4
+1 4
+1 4
+1 4
+1 4
+69 4
+1 4
+87 4
+1 4
+1 4
+1 124948
+1 4
+1 8

fl=(198) ./malloc/./malloc/morecore.c
fn=(702) __glibc_morecore
25 4
+1 8
-1 8
+4 4
cfi=(199) ./misc/./misc/sbrk.c
cfn=(704) sbrk
calls=4 +8 
* 126
+1 8
+4 8

fl=(172) ./misc/../sysdeps/unix/sysv/linux/setvmaname.c
fn=(572) __set_vma_name
33 14
+2 10
+14 18

fl=(181) ./stdio-common/./stdio-common/printf.c
fn=(628) printf
28 84
+4 6
+1 12
-1 6
+1 6
-1 12
+1 6
-1 12
+1 18
cfi=(182) ./stdio-common/./stdio-common/vfprintf-internal.c
cfn=(630) __vfprintf_internal
calls=6 1522 
* 7982
+4 30

fl=(186) ./string/../sysdeps/x86_64/multiarch/memmove-vec-unaligned-erms.S
fn=(646) __memcpy_avx_unaligned_erms
255 18
+1 18
+6 18
+1 18
+2 6
+1 6
+1 6
+3 6
+1 6
+1 6
+3 12
+30 12
+1 12
+2 12
+1 12
+2 12
+4 12
+1 6
+1 6
+1 6
+1 6
+4 6
+2 6
+6 6
+1 6
+1 6
+1 6
+1 6

fn=(698) __mempcpy_avx_unaligned_erms
242 5
+1 5
+1 5
+1 5
+17 5
+1 5
+2 5
+1 5
+1 5
+3 5
+1 5
+1 5
+3 10

fl=(188) ./stdio-common/./stdio-common/_itoa.c
fn=(650) _itoa_word
169 6
+3 24
+2 12
+9 376
+9 12

fl=(183) ./stdio-common/./stdio-common/printf_buffer_to_file.c
fn=(632) __printf_buffer_to_file_init
108 6
+1 6
fi=(189) ./stdio-common/../include/printf_buffer.h
+18 6
fe=(183)
-18 6
fi=(189)
+28 6
-9 6
+9 6
-13 6
fe=(183)
-13 6
fi=(189)
+13 6
fe=(183)
-12 6
cfn=(634) __printf_buffer_to_file_switch
calls=6 -83 
* 78

fn=(634)
29 12
+1 60
+10 12
+1 12
+3 48
+1 12

fn=(654) __printf_buffer_to_file_done
117 6
+1 18
-1 6
-64 6
+64 36
-66 24
+2 18
+69 6
-1 6
+1 24
-1 6
cfi=(197) ./stdio-common/./stdio-common/Xprintf_buffer_done.c
cfn=(686) __printf_buffer_done
calls=6 -96 
* 114
-56 12
cfn=(634)
calls=6 -36 
* 78
+1 6
-8 6
+1 6
fi=(214) ./stdio-common/../libio/libioP.h
1025 6
fe=(183)
58 6
+1 6
-1 6
fi=(214)
1025 12
+1 12
fe=(183)
59 12
cfi=(190)
cfn=(656) _IO_file_xsputn@@GLIBC_2.2.5
calls=6 1198 
* 4061
* 12

fl=(171) ./misc/../sysdeps/unix/sysv/linux/mmap64.c
fn=(570) mmap
47 2
+3 4
-3 12
+6 4
+5 12
+2 8
-7 10

fl=(190)
fn=(658)
732 368
+1 184
+7 228
+37 45
-2 90
+3 80
+3 120
+1 120
+1 160
+4 40
+1 240
-45 2
+12 2
+9 3
+5 3
+2 2
-5 1
+5 1
+1 1
-5 1
+1 1
+4 2
-7 1
+10 2
+13 6
-12 6
+1 6
+11 24
-12 6
cfn=(676) _IO_do_write@@GLIBC_2.2.5
calls=6 424 
* 530
+9 2
-1 1
+1 1
-1 1
cfn=(676)
calls=1 424 
* 105
* 2
-12 2
+1 2
-28 2
cfi=(191)
cfn=(660)
calls=1 343 
* 310
+1 1
+9 1
-9 5

fn=(682) _IO_file_write@@GLIBC_2.2.5
1174 48
+2 24
-1 12
+6 6
cfi=(196)
cfn=(684)
calls=6 25 
* 48
+1 12
+5 6
+1 6
-12 12
+4 18
+1 12
+10 18
+3 36
-4 18

fn=(656)
1198 42
+7 6
-7 12
+6 24
+9 12
-2 24
+17 3
+6 5
+2 10
+2 5
-4 5
+2 5
+2 5
-1 5
-1 5
cob=(3) ???
cfi=(153) ???
cfn=(696) 0x0000000004873430
calls=5 0 
* 80
+2 5
-2 5
+4 10
+28 54
-55 5
+4 5
-4 5
+1 10
-14 1
+44 1
fi=(195)
1025 3
+1 2
fe=(190)
1244 5
fi=(195)
1025 15
+1 10
fe=(190)
1244 18
cfn=(658)
calls=6 732 
* 1038
* 12
+6 12
+1 30
+2 18
+11 12
+1 4
cfi=(191)
cfn=(678)
calls=1 371 
* 2465
+2 3
-48 15
-2 10
446 10
1221 5
+11 15
444 10

fn=(664) _IO_file_stat
1147 1
+1 2
cfi=(193)
cfn=(666)
calls=1 30 
* 6

fn=(676)
424 7
+2 21
+1 1
-3 18
fi=(195)
1025 6
fe=(190)
424 48
+20 6
-10 12
+7 24
fi=(195)
1025 12
+1 12
fe=(190)
449 24
cfn=(682)
calls=6 1174 
* 276
* 6
+1 18
+2 6
+4 12
-3 12
-1 12
+4 12
-30 12
+28 6
-28 12
+1 48
+28 12

fl=(201) ./misc/../sysdeps/unix/syscall-template.S
fn=(712) munmap
117 5
+5 1

fl=(175) ./stdlib/./stdlib/rand.c
fn=(588) rand
26 36
+1 12
cfi=(176)
cfn=(590)
calls=2000014 288 
* 612
+1 24

fl=(169) ./string/../sysdeps/x86_64/multiarch/strcmp-avx2.S
fn=(558) __strcmp_avx2
206 3122126
+43 3122126
+25 3122126
+1 3122126
+1 3122126
+2 3122126
+1 3122126
+4 2936335
+4 2936335
+2 2936335
+2 2936335
+3 2936335
+9 2936335
+1 2936335
+4 2936335
+10 2936335
+1 2936335
+3 2936335
+4 5872670
511 22
+1 22
+1 22
+11 22
+1 22
+1 44
+12 22
+1 22
+3 22
+1 22
-19 682
+1 682
+1 1364
+12 682
+1 682
+3 682
+1 682
+4 703
+1 703
+1 703
+1 703
+3 703
+1 703
+1 703
+1 703
+4 703
+3 703
+1 703
+1 703
+2 703
+1 703
+3 703
+3 703
+1 703
+1 703
+1 703
+3 703
+1 703
+1 703
+1 703
+69 703
+16 703
+1 703
+3 703
+1 703
+1 703
+3 1406
+64 645
+3 645
+3 1
+1 1
+16 1
+8 1
+1 1
+1 1
+1 1
+1 1
+4 1
+1 1
+1 1
+6 1
+1 1
+2 1
+1 1
+4 1
+6 1
+11 1
+1 1
+3 1
+1 1
+1 1
+3 2
953 699539
+1 699539
+3 698755
+1 698755
+1 698755
+1 698755
+2 698755
+3 698755
+1 698755
+4 353265
+1 353265
+9 96243
+4 96243
+1 168631
+8 72388
+1 72388
+1 72388
+1 72388
+1 72388
+1 72388
+2 72388
-7 66890
+1 66890
+1 66890
+1 66890
+1 66890
+1 66890
+2 66890
+35 181030
+1 181030
+11 181030
+1 181030
+3 181030
+1 181030
+1 181030
+3 362060
+20 345490
+1 345490
+3 89548
+1 89548
+1 89548
+1 89548
+6 89548
+2 89548
+3 89548
+1 89548
+5 46513
+1 46513
+2 24407
+1 24407
+1 24407
+1 24407
+1 24407
+1 24407
+1 24407
+1 278
+7 278
+1 278
+3 256
+1 256
+1 256
+1 256
+1 256
+1 256
+1 256
+11 36
+1 36
+2 36
+13 22106
+1 22106
+2 11649
+1 11649
+1 11649
+1 11649
+1 11649
+1 11649
+1 11649
+1 11649
+7 333
+2 333
+4 333
+1 333
+1 333
+1 333
+1 333
+1 333
+1 333
+1 333
+11 235
+1 235
+2 235
+32 10457
+1 10457
+2 6207
+1 6207
+1 6207
+1 6207
+1 6207
+1 6207
+1 6207
+1 6207
+6 232
+2 232
+4 232
+1 232
+1 232
+1 232
+1 232
+1 232
+1 232
+1 232
+11 218
+1 218
+2 218
+11 4250
+3 4250
+1 4250
+3 4250
+1 4250
-5 231
+1 231
+3 231
+1 231
+1 424
+1 424
+5 424
+2 424
+1 424
+1 193
+1 193
+4 193
+6 4057
+1 4057
+1 4057

fl=(170) ./malloc/./malloc/malloc.c
fn=(574) alloc_perturb
1985 21
+2 7

fn=(690) _int_free
4495 35
+4 15
+6 20
+1 10
+4 25
+8 20
-1 10
+1 10
1792 5
4561 10
+76 10
+3 10
+18 5
-12 5
+12 20
-12 5
cfn=(692) _int_free_merge_chunk
calls=5 +19 
* 806

fn=(700) unlink_chunk.isra.0
1608 3
+2 9
-2 3
+2 6
+3 3
+1 6
+2 12
-3 3
+6 3
+1 3
+1 15
+2 6
+1 9
+3 6
+14 3
+1 3
+3 6

fn=(670) malloc
3294 8
+7 2
1326 2
+19 5
3311 2
+2 4
+3 2
+10 2
+28 6
-36 3
+10 4
cfn=(566) _int_malloc
calls=1 3846 
* 130
+1 5
fi=(194) ./malloc/./malloc/arena.c
153 2
fe=(170)

fn=(564) calloc
3699 12
+10 6
-10 42
+10 48
+8 12
+3 18
+2 12
+34 28
fi=(194)
153 8
fe=(170)
3732 6
+1 6
+21 12
-21 12
+21 6
cfn=(566)
calls=8 +92 
* 1582
+2 12
+33 2
fi=(215) ./malloc/../string/bits/string_fortified.h
59 2
fe=(170)
3789 4
+48 16
-78 4
+37 4
-12 4
+12 8
+3 20
+8 4
+2 8
+2 8
-55 12
+3 12
+78 4
fi=(215)
59 8
fe=(170)
3837 24
fi=(215)
59 4
cob=(3)
cfi=(153)
cfn=(578) 0x0000000004873740
calls=5 -59 
* 125020
fe=(170)

fn=(692)
4665 25
+1 5
-1 15
+5 30
+3 10
+5 15
+3 10
+1 10
+1 10
1992 15
4689 10
+2 3
+2 3
-1 3
+2 12
+2 6
cfn=(700)
calls=3 1608 
* 99
+18 10
+6 8
+4 4
+9 4
-1 4
+1 12
+1 8
+2 4
+2 8
+5 4
+1 4
+2 12
+1 4
-45 4
-1 8
+1 24
-1 4
cfn=(694) _int_free_maybe_consolidate
calls=4 +69 
* 139
+1 1
-1 2
+1 6
-1 1
cfn=(694)
calls=1 +69 
* 207
+39 12
+16 1
+1 3
+1 2
-83 15
-2 10

fn=(694)
4770 55
+6 10
+22 33
-20 8
+3 6
+3 10
+1 8
+13 14
-13 2
cfn=(708) systrim.constprop.0
calls=2 2957 
* 200

fn=(708)
2957 12
+9 6
+2 2
+1 4
+5 2
+1 2
-1 4
+4 10
+2 4
-10 1
+50 12
-33 2
cfi=(198)
cfn=(702)
calls=1 25 
* 33
* 1
+1 4
+12 3
cfi=(198)
cfn=(702)
calls=1 25 
* 51
+1 2
cfi=(198)
cfn=(702)
calls=1 25 
* 33
+2 1
+2 2
+4 2
+4 2
-1 1
+1 2
+2 2

fn=(710) munmap_chunk
3024 1
+2 1
-1 1
+1 2
+2 1
-3 1
-1 1
+4 1
+3 2
+7 1
-8 1
+9 1
-8 1
+1 1
+6 3
+1 4
+3 1
+1 3
+6 1
-1 2
cfi=(201)
cfn=(712)
calls=1 117 
* 6

fn=(566)
3846 77
1326 14
+19 42
3887 14
1794 7
3914 14
+63 14
+62 129
+1 21
+20 7
-1 7
-1 7
+1 14
+1 14
-2 14
+12 35
-1 8
+4 8
+1 4
+2 8
+1 12
+2 4
+1 16
+2 16
-10 4
+12 8
+1 8
+2 8
+11 16
+29 4
+1 4
+4 8
+29 8
+8 37
+1 1
+1 1
-1 1
+4 2
-4 3
+1 3
-1 3
+4 6
4487 84
4221 8
+9 4
-9 8
+9 4
-9 12
+1 4
+1 4
+1 4
+1 4
+6 8
4070 12
4246 8
+11 21
+2 21
+3 7
-3 7
+3 14
+1 7
+71 21
-4 7
+1 7
+1 7
-1 7
+1 7
+1 14
+1 21
+5 28
-99 16
-22 4
-48 4
+48 12
4343 21
+3 4
-3 3
4443 7
+1 14
+2 14
+3 21
+17 12
4169 38
2552 3
+12 3
-12 15
+12 3
+1 6
+3 8
+8 10
cfn=(568) sysmalloc_mmap.isra.0
calls=3 2400 
* 220
* 2
+1 4
4482 4
-22 21
cfn=(574)
calls=9 1985 
* 28
+1 7
-9 8
+2 8
-1 4
+1 4
-3 4
+3 4
+2 4
-2 16
+2 4
+3 8
2553 1
+36 3
+1 1
-1 1
+1 1
+9 10
+6 3
+3 3
2921 3
+1 1
+4 1
+4 5
+5 1
-2 1
+5 1
-3 2
-3 1
+2 1
+1 1
+1 1
-1 3
+1 1
4482 1
2669 3
+8 2
+1 3
+13 1
+2 1
-2 2
+8 5
+8 2
+39 1
+6 3
-6 1
+6 5
+1 6
-44 3
cfi=(198)
cfn=(702)
calls=1 25 
* 49
+1 2
-1 1
+1 1
2008 1
2711 1
2008 3
2712 1
+3 2
+29 7

fn=(568)
2400 10
+13 6
-13 2
+18 4
+3 18
cfi=(171)
cfn=(570)
calls=3 47 
* 52
* 2
+3 4
+4 4
2008 8
2432 8
cfi=(172)
cfn=(572)
calls=3 33 
* 42
+16 6
+19 2
-1 2
+5 2
-4 4
+4 4
+1 10
+3 6
+1 10
+5 14

fn=(584) free
3359 6
+4 12
-4 18
+14 6
-14 18
+12 6
+4 6
-4 6
+4 12
+17 15
fi=(194)
153 15
fe=(170)
3398 15
cfn=(690)
calls=5 4495 
* 1021
+3 5
+1 30
-23 3
+2 4
+2 1
+1 1
-1 1
+1 1
+1 1
+3 2
cfn=(710)
calls=1 3024 
* 36
+13 1
+1 6

fl=(182)
fn=(636) __printf_buffer
600 72
fi=(216) ./stdio-common/./stdio-common/printf-parse.h
82 6
fe=(182)
600 12
fi=(216)
82 6
fe=(182)
600 6
+27 18
+11 6
-11 6
+11 6
-11 6
+11 12
fi=(216)
82 6
cob=(3)
cfi=(153)
cfn=(638) 0x0000000004873590
calls=6 -82 
* 180
fe=(182)
653 12
+1 6
fi=(216)
82 12
fe=(182)
654 6
-1 6
cfi=(185) ./stdio-common/./stdio-common/Xprintf_buffer_write.c
cfn=(642) __printf_buffer_write
calls=6 27 
* 312
+2 18
+4 12
+4 48
-32 6
973 6
642 6
973 12
634 6
+71 24
1044 66
705 12
-13 6
+7 6
+6 12
-14 6
-4 6
+18 6
-10 6
+10 6
-7 6
-4 6
+11 12
-19 6
-1 6
+20 6
-12 6
-9 6
-1 6
+22 6
-15 12
1024 6
fi=(216)
82 6
fe=(182)
1018 6
fi=(216)
82 12
cob=(3)
cfi=(153)
cfn=(638)
calls=6 -82 
* 126
fe=(182)
1028 12
+1 6
fi=(216)
82 6
fe=(182)
1029 6
-1 6
cfi=(185)
cfn=(642)
calls=6 27 
* 336
+3 12
fi=(187) ./stdio-common/./stdio-common/vfprintf-process-arg.c
136 12
+19 78
cfi=(188)
cfn=(650)
calls=6 +14 
* 430
+11 12
-11 12
+11 24
-5 48
+25 30
+15 12
-4 18
+2 18
+2 12
+7 6
-2 12
+2 18
+3 12
+13 12
fi=(189)
-61 12
fi=(187)
+70 12
+3 12
136 6
+2 12
-71 6
-18 6
-1 12
201 18
58 12
-23 6
+22 12
161 6
+9 12
+17 6
+8 6
-8 6
+12 6
-12 6
+8 24
-8 36
+53 24
cfi=(185)
cfn=(642)
calls=6 27 
* 330
* 6
fi=(189)
-77 12
fi=(187)
50 12
+2 12
+1 48
fe=(182)

fn=(630)
1522 78
+3 31
+4 30
+11 12
+27 66
-42 10
+18 24
cfi=(183)
cfn=(632)
calls=6 108 
* 144
+1 30
cfn=(636)
calls=6 600 
* 3028
+1 12
cfi=(183)
cfn=(654)
calls=6 117 
* 4511
* 6

fl=(177)
fn=(592)
354 12
+3 48
+5 12
-2 12
+2 24
+8 12
+1 12
+1 12
+3 24
+3 12
+4 12
-7 12
+2 24
+2 24
+8 24
-9 12
+12 12
+3 12
-2 12
+7 12

fl=(192)
fn=(662)
78 11
+6 4
fi=(195)
1025 3
+1 2
fe=(192)
84 3
cfi=(190)
cfn=(664)
calls=1 1147 
* 9
* 2
+2 4
+11 4
+4 2
cob=(3)
cfi=(153)
cfn=(668) 0x00000000048733f0
calls=1 0 
* 179
* 1
+1 2
+2 4
cfi=(191)
cfn=(674)
calls=1 329 
* 29
+1 1
+1 9
-15 1
fi=(217) ./libio/../include/sys/sysmacros.h
-44 6
fe=(192)
+44 1
-2 2
+5 2

fl=(199)
fn=(704)
37 32
+3 4
+3 4
-3 4
+3 4
+35 14
-20 8
+4 8
+4 5
+2 2
-2 3
+8 1
cfi=(200)
cfn=(706)
calls=1 -38 
* 9
* 1
cfi=(200)
cfn=(706)
calls=1 -38 
* 9
* 4
+4 14

fl=(184) ./string/../sysdeps/x86_64/multiarch/strchr-avx2.S
fn=(640) __strchrnul_avx2
53 12
+2 12
+1 12
+1 12
+1 12
+1 12
+3 12
+1 12
+4 12
+1 12
+1 12
+1 12
+1 12
+1 12
+1 12

ob=(3)
fl=(153)
fn=(644) 0x00000000048736b0
0 36
cob=(2)
cfi=(186)
cfn=(646)
calls=18 255 
0 258

fn=(638)
0 24
cob=(2)
cfi=(184)
cfn=(640)
calls=12 53 
0 282

ob=(2)
fl=(184)
fn=(640)
74 6
+13 6
+2 12
+12 6
+1 6
+6 6
+1 12
+48 6
+4 6
+1 6
+1 6
+1 6
+1 6
+1 6
+1 6

fl=(185)
fn=(642)
27 18
+1 54
-1 126
+4 72
+2 36
+3 18
fi=(218) ./stdio-common/../string/bits/string_fortified.h
-7 18
fe=(185)
+8 36
fi=(218)
-8 18
fe=(185)
+12 18
fi=(218)
-12 18
cob=(3)
cfi=(153)
cfn=(644)
calls=18 -29 
* 294
fe=(185)
+11 54
-9 36
+2 54
+11 108

fl=(197)
fn=(686)
25 6
+1 18
+5 12
+2 24

ob=(3)
fl=(153)
fn=(668)
0 2
cob=(2)
cfi=(170)
cfn=(670)
calls=1 3294 
0 177

fn=(696)
0 10
cob=(2)
cfi=(186)
cfn=(698)
calls=5 242 
0 70

fn=(578)
0 8
cob=(2)
cfi=(174)
cfn=(580)
calls=5 158 
0 125012

ob=(2)
fl=(197)
fn=(686)
33 48
+7 6

fl=(164) ./csu/../sysdeps/nptl/libc_start_call_main.h
fn=(544) (below main)
cob=(5) /home/george_wsl/MIPT/ded_sem_2/hash_improvement/main
cfi=(168) /home/george_wsl/MIPT/ded_sem_2/hash_improvement/src/main.cpp
cfn=(552) main
calls=1 111 
58 588858078

ob=(5)
fl=(180) /home/george_wsl/MIPT/ded_sem_2/hash_improvement/src/hash_funk_string.cpp
fn=(624) hasing_compare_string(hash_value_t, hash_value_t)
59 18732756
+1 15610630
cob=(2)
cfi=(169)
cfn=(558)
calls=3122126 206 
* 71944268
* 3122126
+1 6244252

fl=(173) /home/george_wsl/MIPT/ded_sem_2/hash_improvement/src/list_hash.cpp
fn=(620) delete_from_list_table(lst_hash_table_t*, hash_value_t)
128 2745160
+1 499120
+2 1497360
cfn=(622) find_with_prev_list_table(hash_value_t, lst_hash_table_t*, lst_hash_node_t**)
calls=249560 -93 
* 122832481
* 249560
+4 499120
+2 333200
+3 248880
+2 184096
cfi=(179) /home/george_wsl/MIPT/ded_sem_2/hash_improvement/src//./src/hash_funcktion.s
cfn=(606) 0x0000000000002440
calls=16736 16 
* 1432216
* 167360
+1 33472
+4 264896
+2 264896
+1 198672
+1 132448
+1 331120
+4 66224
+1 1996480

fn=(618) check_coefficient_list_table(lst_hash_table_t*)
160 2492245
+1 1993796
+2 8473633
+2 42
cob=(2)
cfi=(181)
cfn=(628)
calls=6 28 
* 8174
* 6
+1 6
+1 30
cfi=(178) /home/george_wsl/MIPT/ded_sem_2/hash_improvement/src/common.cpp
cfn=(594) next_prime(unsigned int)
calls=6 23 
* 5998
* 30
cfn=(576) reinit_list_table(lst_hash_table_t*, unsigned int)
calls=6 +24 
* 131788
* 30
+2 12
+1 12
+1 12
+1 18
+1 12
+2 12
+3 15168306
cfn=(615) add_to_list_table(lst_hash_table_t*, hash_value_t)'2
calls=632010 -69 
* 128284788
-3 6952236
+6 12
+1 24
+1 12
+1 12
+3 6
+1 12
-1 498443
+1 996886

fn=(619) check_coefficient_list_table(lst_hash_table_t*)'2
160 3160050
+1 2528040
+2 10744170
+24 632010
+1 1264020

fn=(616) give_next_node_pointer(lst_hash_table_t*)
66 5652295
+1 4521836
+2 198672
+1 331120
+1 132448
+3 6385410
+5 13835055
+1 2260918

fn=(576)
191 36
+5 12
+2 6
+1 24
cob=(2)
cfi=(170)
cfn=(564)
calls=7 3699 
* 126990
* 6
* 6
+1 12
+2 24
cob=(2)
cfi=(170)
cfn=(584)
calls=7 3359 
* 1248
* 6
+1 18
+2 18
+2 6
cob=(2)
cfi=(175)
cfn=(588)
calls=7 26 
* 342
* 6
* 60
cfi=(178)
cfn=(594)
calls=7 23 
* 1264
* 12
+1 6
cob=(2)
cfi=(175)
cfn=(588)
calls=7 26 
* 342
* 6
* 60
cfi=(178)
cfn=(594)
calls=7 23 
* 1248
* 12
+2 6
+1 12

fn=(604) find_list_table(hash_value_t, lst_hash_table_t*)
15 4502640
+1 5253080
cfi=(179)
cfn=(606)
calls=750440 * 
* 64490230
* 3752200
+1 5253080
+2 1500880
+2 9486
+5 159579
-2 425544
cfi=(180)
cfn=(624)
calls=53193 +35 
* 1965324
* 5965576
cfi=(180)
cfn=(624)
calls=745697 +35 
* 27620427
* 4270847
+5 5965576
cfi=(180)
cfn=(624)
calls=745697 +30 
* 27737750
* 2982788
+2 1486178
+3 2608
+1 1500880

fn=(622)
38 1746920
+1 1746920
cfi=(179)
cfn=(606)
calls=249560 -23 
* 21425152
* 1247800
+1 1746920
+1 249560
+2 499120
+2 3118
+1 3118
+5 2513046
+1 3769569
-3 16654400
cfi=(180)
cfn=(624)
calls=1329538 +10 
* 49308942
* 8429171
+6 1984008
cfi=(180)
cfn=(624)
calls=248001 +4 
* 9021589
* 992004
+2 330082
+1 330082
+3 248880
+1 82960
+1 499120

fn=(614) add_to_list_table(lst_hash_table_t*, hash_value_t)
109 3001146
+1 3501337
cfi=(179)
cfn=(606)
calls=500191 -94 
* 42965927
* 2500955
+1 500191
+2 2000764
+1 2500955
cfn=(604)
calls=500191 -99 
* 109873694
* 2004248
+3 1495347
cfn=(616)
calls=498449 -51 
* 14357454
* 498449
+1 1495347
+1 3987592
+1 996898
+1 3489143
+1 2492245
+2 1495347
cfn=(618)
calls=498449 +36 
* 165006593
* 498449
+1 1000382

fn=(615)
109 3792060
+1 4424070
cfi=(179)
cfn=(606)
calls=632010 -94 
* 54339618
* 3160050
+1 632010
+2 2528040
+4 1896030
cfn=(616)
calls=632010 -51 
* 18960300
* 632010
+1 1896030
+1 5056080
+1 1264020
+1 4424070
+1 3160050
+2 1896030
cfn=(619)
calls=632010 +36 
* 18328290
* 632010
+1 1264020

fl=(168)
fn=(560) test_string(unsigned int (*)(hash_value_t, lst_hash_table_t*), char**, unsigned int)
49 3000000
+1 1000000
+1 6000000
+2 13000000
+1 5498124
+4 2500955
cfi=(173)
cfn=(614)
calls=500191 +51 
* 365662463
+1 500191
+2 1247800
cfi=(173)
cfn=(620)
calls=249560 +67 
* 133976761
+1 249560
+2 1251245
cfi=(173)
cfn=(604)
calls=250249 -49 
* 54970979

fn=(552)
cfn=(560)
calls=1 30 
105 588858078

fl=(179)
fn=(606)
16 2148937
+2 2148937
+2 2148937
+4 26835806
+1 26835806
+1 26835806
+3 26835806
+1 26835806
+1 26835806
-2 2148937
+1 2148937
+1 2148937
+4 2148937
+1 2148937
+1 2148937
+1 2148937
+3 2148937

fl=(178)
fn=(596) is_prime(unsigned int)
3 316
+1 158
+3 158
+3 316
+1 74
+3 84
+1 3510
+1 48
-2 2973
+5 18
+1 158

fn=(594)
23 90
+1 262
cfn=(596)
calls=62 -21 
* 7160
* 54
cfn=(596)
calls=20 -21 
* 653
* 237
+1 18
+1 36

totals: 588858078
