# callgrind format
version: 1
creator: callgrind-3.22.0
pid: 1281893
cmd:  ./main 1
part: 1


desc: I1 cache: 
desc: D1 cache: 
desc: LL cache: 

desc: Timerange: Basic block 0 - 126347421
desc: Trigger: Program termination

positions: line
events: Ir
summary: 554471157


ob=(2) /usr/lib/x86_64-linux-gnu/libc.so.6
fl=(218) ./misc/../sysdeps/unix/sysv/linux/mmap64.c
fn=(1348) mmap
47 2
+3 4
-3 12
+6 4
+5 12
+2 8
-7 10

fl=(238) ./libio/./libio/genops.c
fn=(1450) _IO_default_xsputn
371 11
+3 4
fi=(241) ./libio/./libio/libioP.h
1025 1
fe=(238)
373 2
+26 122
fi=(241)
1025 80
+1 80
fe=(238)
399 160
cfi=(237) ./libio/./libio/fileops.c
cfn=(1434) _IO_file_overflow@@GLIBC_2.2.5
calls=40 732 
* 1672
* 80
+2 40
-2 40
-20 164
-4 1
+29 8

fn=(1446) _IO_setb
329 11
+1 4
+5 2
-3 1
+3 2
-2 1
+2 2
+3 6

fn=(1436) _IO_doallocbuf
343 1
+1 2
-1 7
+3 3
+1 1
fi=(241)
1025 3
+1 2
fe=(238)
347 2
cfi=(239) ./libio/./libio/filedoalloc.c
cfn=(1438) _IO_file_doallocate
calls=1 78 
* 281
* 2
+3 6

fl=(243) ./stdio-common/./stdio-common/Xprintf_buffer_done.c
fn=(1458) __printf_buffer_done
25 6
+1 18
+5 12
+2 72
+7 6

fl=(222) ./stdlib/./stdlib/rand.c
fn=(1364) rand
26 36
+1 12
cfi=(223) ./stdlib/./stdlib/random.c
cfn=(1366) random
calls=2000014 288 
* 612
+1 24

fl=(240) ./io/../sysdeps/unix/sysv/linux/fstat64.c
fn=(1442) fstat
30 1
+9 4
+33 1

fl=(208) ./misc/./misc/sbrk.c
fn=(1156) sbrk
37 32
+3 4
+3 4
-3 4
+3 4
+35 14
-20 8
+4 8
+4 5
+2 2
-2 3
+8 1
cfi=(209) ./misc/../sysdeps/unix/sysv/linux/brk.c
cfn=(1158) brk
calls=1 -38 
* 9
* 1
cfi=(209)
cfn=(1158)
calls=1 -38 
* 9
* 4
+4 14

fl=(228) ./stdio-common/./stdio-common/printf.c
fn=(1404) printf
28 84
+4 6
+1 12
-1 6
+1 6
-1 12
+1 6
-1 12
+1 18
cfi=(229) ./stdio-common/./stdio-common/vfprintf-internal.c
cfn=(1406) __vfprintf_internal
calls=6 1522 
* 7982
+4 30

fl=(203) ./string/../sysdeps/x86_64/multiarch/strcmp-avx2.S
fn=(1338) __strcmp_avx2
206 3122126
+43 3122126
+25 3122126
+1 3122126
+1 3122126
+2 3122126
+1 3122126
+4 2936663
+4 2936663
+2 2936663
+2 2936663
+3 2936663
+9 2936663
+1 2936663
+4 2936663
+10 2936663
+1 2936663
+3 2936663
+4 5873326
511 487
+1 487
+1 487
+11 487
+1 487
+1 974
+12 487
+1 487
+3 487
+1 487
+4 487
+1 487
+1 487
+1 487
+3 487
+1 487
+1 487
+1 487
+4 487
+3 487
+1 487
+1 487
+2 487
+1 487
+3 487
+3 487
+1 487
+1 487
+1 487
+3 487
+1 487
+1 487
+1 487
+69 487
+16 487
+1 487
+3 487
+1 487
+1 487
+3 974
+64 487
+3 487
953 696109
+1 696109
+3 696109
+1 696109
+1 696109
+1 696109
+2 696109
+3 696109
+1 696109
+4 350883
+1 350883
+9 95404
+4 95404
+1 166930
+8 71526
+1 71526
+1 71526
+1 71526
+1 71526
+1 71526
+2 71526
-7 67327
+1 67327
+1 67327
+1 67327
+1 67327
+1 67327
+2 67327
+35 184976
+1 184976
+11 184976
+1 184976
+3 184976
+1 184976
+1 184976
+3 369952
+20 345226
+1 345226
+3 90059
+1 90059
+1 90059
+1 90059
+6 90059
+2 90059
+3 90059
+1 90059
+5 46610
+1 46610
+2 46610
+1 46610
+1 46610
+1 46610
+1 46610
+1 46610
+1 46610
+1 487
+7 487
+1 487

fl=(233) ./string/../sysdeps/x86_64/multiarch/memmove-vec-unaligned-erms.S
fn=(1470) __mempcpy_avx_unaligned_erms
242 5
+1 5
+1 5
+1 5
+17 5
+1 5
+2 5
+1 5
+1 5
+3 5
+1 5
+1 5
+3 10

fn=(1422) __memcpy_avx_unaligned_erms
255 18
+1 18
+6 18
+1 18
+2 6
+1 6
+1 6
+3 6
+1 6
+1 6
+3 12
+30 12
+1 12
+2 12
+1 12
+2 12
+4 12
+1 6
+1 6
+1 6
+1 6
+4 6
+2 6
+6 6
+1 6
+1 6
+1 6
+1 6

fl=(242) ./io/../sysdeps/unix/sysv/linux/write.c
fn=(1456) write
25 6
+1 36
+1 6

fl=(235) ./stdio-common/./stdio-common/_itoa.c
fn=(1426) _itoa_word
169 6
+3 24
+2 12
+9 376
+9 12

fl=(230) ./stdio-common/./stdio-common/printf_buffer_to_file.c
fn=(1408) __printf_buffer_to_file_init
108 6
+1 6
fi=(236) ./stdio-common/../include/printf_buffer.h
+18 6
fe=(230)
-18 6
fi=(236)
+28 6
-9 6
+9 6
-13 6
fe=(230)
-13 6
fi=(236)
+13 6
fe=(230)
-12 6
cfn=(1410) __printf_buffer_to_file_switch
calls=6 -83 
* 78

fn=(1410)
29 12
+1 60
+10 12
+1 12
+3 48
+1 12

fn=(1430) __printf_buffer_to_file_done
117 6
+1 18
-1 6
-64 6
+64 36
-66 24
+2 18
+69 6
-1 6
+1 24
-1 6
cfi=(243)
cfn=(1458)
calls=6 -96 
* 114
-56 12
cfn=(1410)
calls=6 -36 
* 78
+1 6
-8 6
+1 6
fi=(258) ./stdio-common/../libio/libioP.h
1025 6
fe=(230)
58 6
+1 6
-1 6
fi=(258)
1025 12
+1 12
fe=(230)
59 12
cfi=(237)
cfn=(1432) _IO_file_xsputn@@GLIBC_2.2.5
calls=6 1198 
* 4061
* 12

fl=(244) ./misc/../sysdeps/unix/syscall-template.S
fn=(1478) munmap
117 5
+5 1

fl=(207) ./malloc/./malloc/morecore.c
fn=(1154) __glibc_morecore
25 4
+1 8
-1 8
+4 4
cfi=(208)
cfn=(1156)
calls=4 +8 
* 126
+1 8
+4 8

fl=(237)
fn=(1448) _IO_do_write@@GLIBC_2.2.5
424 7
+2 21
+1 1
-3 18
fi=(241)
1025 6
fe=(237)
424 48
+20 6
-10 12
+7 24
fi=(241)
1025 12
+1 12
fe=(237)
449 24
cfn=(1454) _IO_file_write@@GLIBC_2.2.5
calls=6 1174 
* 276
* 6
+1 18
+2 6
+4 12
-3 12
-1 12
+4 12
-30 12
+28 6
-28 12
+1 48
+28 12

fn=(1434)
732 368
+1 184
+7 228
+37 45
-2 90
+3 80
+3 120
+1 120
+1 160
+4 40
+1 240
-45 2
+12 2
+9 3
+5 3
+2 2
-5 1
+5 1
+1 1
-5 1
+1 1
+4 2
-7 1
+10 2
+13 6
-12 6
+1 6
+11 24
-12 6
cfn=(1448)
calls=6 424 
* 530
+9 2
-1 1
+1 1
-1 1
cfn=(1448)
calls=1 424 
* 105
* 2
-12 2
+1 2
-28 2
cfi=(238)
cfn=(1436)
calls=1 343 
* 310
+1 1
+9 1
-9 5

fn=(1432)
1198 42
+7 6
-7 12
+6 24
+9 12
-2 24
+17 3
+6 5
+2 10
+2 5
-4 5
+2 5
+2 5
-1 5
-1 5
cob=(4) ???
cfi=(175) ???
cfn=(1468) 0x0000000004af1430
calls=5 0 
* 80
+2 5
-2 5
+4 10
+28 54
-55 5
+4 5
-4 5
+1 10
-14 1
+44 1
fi=(241)
1025 3
+1 2
fe=(237)
1244 5
fi=(241)
1025 15
+1 10
fe=(237)
1244 18
cfn=(1434)
calls=6 732 
* 1038
* 12
+6 12
+1 30
+2 18
+11 12
+1 4
cfi=(238)
cfn=(1450)
calls=1 371 
* 2465
+2 3
-48 15
-2 10
446 10
1221 5
+11 15
444 10

fn=(1440) _IO_file_stat
1147 1
+1 2
cfi=(240)
cfn=(1442)
calls=1 30 
* 6

fn=(1454)
1174 48
+2 24
-1 12
+6 6
cfi=(242)
cfn=(1456)
calls=6 25 
* 48
+1 12
+5 6
+1 6
-12 12
+4 18
+1 12
+10 18
+3 36
-4 18

fl=(209)
fn=(1158)
36 2
fi=(259) ./misc/../sysdeps/unix/sysv/linux/brk_call.h
-12 4
fe=(209)
+13 4
+1 4
+6 2
+1 2

fl=(213) ./csu/../sysdeps/nptl/libc_start_call_main.h
fn=(1324) (below main)
cob=(8) /home/george_wsl/MIPT/ded_sem_2/hash_improvement/main
cfi=(217) /home/george_wsl/MIPT/ded_sem_2/hash_improvement/src/main.cpp
cfn=(1332) main
calls=1 110 
58 554471157

fl=(224) ./stdlib/./stdlib/random_r.c
fn=(1368) random_r
354 12
+3 48
+5 12
-2 12
+2 24
+8 12
+1 12
+1 12
+3 24
+3 12
+4 12
-7 12
+2 24
+2 24
+8 24
-9 12
+12 12
+3 12
-2 12
+7 12

fl=(204) ./malloc/./malloc/malloc.c
fn=(1140) malloc
3294 8
+7 2
1326 2
+19 5
3311 2
+2 4
+3 2
+10 2
+28 6
-36 3
+10 4
cfn=(1152) _int_malloc
calls=1 3846 
* 130
+1 5
fi=(205) ./malloc/./malloc/arena.c
153 2
fe=(204)

fn=(1152)
3846 77
1326 14
+19 42
3887 14
1794 7
3914 14
+63 14
+62 129
+1 21
+20 7
-1 7
-1 7
+1 14
+1 14
-2 14
+12 35
-1 8
+4 8
+1 4
+2 8
+1 12
+2 4
+1 16
+2 16
-10 4
+12 8
+1 8
+2 8
+11 16
+29 4
+1 4
+4 8
+29 8
+8 37
+1 1
+1 1
-1 1
+4 2
-4 3
+1 3
-1 3
+4 6
4487 84
4221 8
+9 4
-9 8
+9 4
-9 12
+1 4
+1 4
+1 4
+1 4
+6 8
4070 12
4246 8
+11 21
+2 21
+3 7
-3 7
+3 14
+1 7
+71 21
-4 7
+1 7
+1 7
-1 7
+1 7
+1 14
+1 21
+5 28
-99 16
-22 4
-48 4
+48 12
4343 21
+3 4
-3 3
4443 7
+1 14
+2 14
+3 21
+17 12
4169 38
2552 3
+12 3
-12 15
+12 3
+1 6
+3 8
+8 10
cfn=(1346) sysmalloc_mmap.isra.0
calls=3 2400 
* 220
* 2
+1 4
4482 4
-22 21
cfn=(1160) alloc_perturb
calls=9 1985 
* 28
+1 7
-9 8
+2 8
-1 4
+1 4
-3 4
+3 4
+2 4
-2 16
+2 4
+3 8
2553 1
+36 3
+1 1
-1 1
+1 1
+9 10
+6 3
+3 3
2921 3
+1 1
+4 1
+4 5
+5 1
-2 1
+5 1
-3 2
-3 1
+2 1
+1 1
+1 1
-1 3
+1 1
4482 1
2669 3
+8 2
+1 3
+13 1
+2 1
-2 2
+8 5
+8 2
+39 1
+6 3
-6 1
+6 5
+1 6
-44 3
cfi=(207)
cfn=(1154)
calls=1 25 
* 49
+1 2
-1 1
+1 1
2008 1
2711 1
2008 3
2712 1
+3 2
+29 7

fn=(1462) _int_free
4495 35
+4 15
+6 20
+1 10
+4 25
+8 20
-1 10
+1 10
1792 5
4561 10
+76 10
+3 10
+18 5
-12 5
+12 20
-12 5
cfn=(1464) _int_free_merge_chunk
calls=5 +19 
* 775

fn=(1474) systrim.constprop.0
2957 6
+9 3
+2 1
+1 2
+5 1
+1 1
-1 2
+4 5
+2 2
+40 6
-33 2
cfi=(207)
cfn=(1154)
calls=1 25 
* 33
* 1
+1 4
+12 3
cfi=(207)
cfn=(1154)
calls=1 25 
* 51
+1 2
cfi=(207)
cfn=(1154)
calls=1 25 
* 33
+2 1
+2 2
+4 2
+4 2
-1 1
+1 2
+2 2

fn=(1476) munmap_chunk
3024 1
+2 1
-1 1
+1 2
+2 1
-3 1
-1 1
+4 1
+3 2
+7 1
-8 1
+9 1
-8 1
+1 1
+6 3
+1 4
+3 1
+1 3
+6 1
-1 2
cfi=(244)
cfn=(1478)
calls=1 117 
* 6

fn=(1344) calloc
3699 12
+10 6
-10 42
+10 48
+8 12
+3 18
+2 12
+34 28
fi=(205)
153 8
fe=(204)
3732 6
+1 6
+21 12
-21 12
+21 6
cfn=(1152)
calls=8 +92 
* 1582
+2 12
+33 2
fi=(210) ./malloc/../string/bits/string_fortified.h
59 2
fe=(204)
3789 4
+48 16
-78 4
+37 4
-12 4
+12 8
+3 20
+8 4
+2 8
+2 8
-55 12
+3 12
+78 4
fi=(210)
59 8
fe=(204)
3837 24
fi=(210)
59 4
cob=(4)
cfi=(175)
cfn=(1354) 0x0000000004af1740
calls=5 -59 
* 179740
fe=(204)

fn=(1346)
2400 10
+13 6
-13 2
+18 4
+3 18
cfi=(218)
cfn=(1348)
calls=3 47 
* 52
* 2
+3 4
+4 4
2008 8
2432 8
cfi=(219) ./misc/../sysdeps/unix/sysv/linux/setvmaname.c
cfn=(1350) __set_vma_name
calls=3 33 
* 42
+16 6
+19 2
-1 2
+5 2
-4 4
+4 4
+1 10
+3 6
+1 10
+5 14

fn=(1360) free
3359 6
+4 12
-4 18
+14 6
-14 18
+12 6
+4 6
-4 6
+4 12
+17 15
fi=(205)
153 15
fe=(204)
3398 15
cfn=(1462)
calls=5 4495 
* 990
+3 5
+1 30
-23 3
+2 4
+2 1
+1 1
-1 1
+1 1
+1 1
+3 2
cfn=(1476)
calls=1 3024 
* 36
+13 1
+1 6

fn=(1464)
4665 25
+1 5
-1 15
+5 30
+3 10
+5 15
+3 10
+1 10
+1 10
1992 15
4689 10
+2 3
+2 3
-1 3
+2 12
+2 6
cfn=(1472) unlink_chunk.isra.0
calls=3 1608 
* 99
+18 10
+6 8
+4 4
+9 4
-1 4
+1 12
+1 8
+2 4
+2 8
+5 4
+1 4
+2 12
+1 4
-45 4
-1 8
+1 24
-1 4
cfn=(1466) _int_free_maybe_consolidate
calls=4 +69 
* 108
+1 1
-1 2
+1 6
-1 1
cfn=(1466)
calls=1 +69 
* 207
+39 12
+16 1
+1 3
+1 2
-83 15
-2 10

fn=(1466)
4770 55
+6 10
+22 44
-20 8
+3 6
+3 10
+1 4
+13 7
-13 1
cfn=(1474)
calls=1 2957 
* 170

fn=(1472)
1608 3
+2 9
-2 3
+2 6
+3 3
+1 6
+2 12
-3 3
+6 3
+1 3
+1 15
+2 6
+1 9
+3 6
+14 3
+1 3
+3 6

fn=(1160)
1985 21
+2 7

fl=(223)
fn=(1366)
288 24
+3 12
-3 60
+3 24
+2 36
cfi=(224)
cfn=(1368)
calls=2000014 +61 
* 336
+2 48
+2 12
+1 60

fl=(221) ./string/../sysdeps/x86_64/multiarch/memset-vec-unaligned-erms.S
fn=(1356) __memset_avx2_unaligned_erms
158 4
+1 8
+5 4
+1 4
+1 4
+1 4
+1 4
+69 4
+1 4
+87 4
+1 4
+1 4
+1 179668
+1 4
+1 8

fl=(229)
fn=(1412) __printf_buffer
600 72
fi=(260) ./stdio-common/./stdio-common/printf-parse.h
82 6
fe=(229)
600 12
fi=(260)
82 6
fe=(229)
600 6
+27 18
+11 6
-11 6
+11 6
-11 6
+11 12
fi=(260)
82 6
cob=(4)
cfi=(175)
cfn=(1414) 0x0000000004af1590
calls=6 -82 
* 180
fe=(229)
653 12
+1 6
fi=(260)
82 12
fe=(229)
654 6
-1 6
cfi=(232) ./stdio-common/./stdio-common/Xprintf_buffer_write.c
cfn=(1418) __printf_buffer_write
calls=6 27 
* 312
+2 18
+4 12
+4 48
-32 6
973 6
642 6
973 12
634 6
+71 24
1044 66
705 12
-13 6
+7 6
+6 12
-14 6
-4 6
+18 6
-10 6
+10 6
-7 6
-4 6
+11 12
-19 6
-1 6
+20 6
-12 6
-9 6
-1 6
+22 6
-15 12
1024 6
fi=(260)
82 6
fe=(229)
1018 6
fi=(260)
82 12
cob=(4)
cfi=(175)
cfn=(1414)
calls=6 -82 
* 126
fe=(229)
1028 12
+1 6
fi=(260)
82 6
fe=(229)
1029 6
-1 6
cfi=(232)
cfn=(1418)
calls=6 27 
* 336
+3 12
fi=(234) ./stdio-common/./stdio-common/vfprintf-process-arg.c
136 12
+19 78
cfi=(235)
cfn=(1426)
calls=6 +14 
* 430
+11 12
-11 12
+11 24
-5 48
+25 30
+15 12
-4 18
+2 18
+2 12
+7 6
-2 12
+2 18
+3 12
+13 12
fi=(236)
-61 12
fi=(234)
+70 12
+3 12
136 6
+2 12
-71 6
-18 6
-1 12
201 18
58 12
-23 6
+22 12
161 6
+9 12
+17 6
+8 6
-8 6
+12 6
-12 6
+8 24
-8 36
+53 24
cfi=(232)
cfn=(1418)
calls=6 27 
* 330
* 6
fi=(236)
-77 12
fi=(234)
50 12
+2 12
+1 48
fe=(229)

fn=(1406)
1522 78
+3 31
+4 30
+11 12
+27 66
-42 10
+18 24
cfi=(230)
cfn=(1408)
calls=6 108 
* 144
+1 30
cfn=(1412)
calls=6 600 
* 3028
+1 12
cfi=(230)
cfn=(1430)
calls=6 117 
* 4511
* 6

fl=(239)
fn=(1438)
78 11
+6 4
fi=(241)
1025 3
+1 2
fe=(239)
84 3
cfi=(237)
cfn=(1440)
calls=1 1147 
* 9
* 2
+2 4
+11 4
+4 2
cob=(4)
cfi=(175)
cfn=(1444) 0x0000000004af13f0
calls=1 0 
* 179
* 1
+1 2
+2 4
cfi=(238)
cfn=(1446)
calls=1 329 
* 29
+1 1
+1 9
-15 1
fi=(261) ./libio/../include/sys/sysmacros.h
-44 6
fe=(239)
+44 1
-2 2
+5 2

fl=(219)
fn=(1350)
33 14
+2 10
+14 18

fl=(231) ./string/../sysdeps/x86_64/multiarch/strchr-avx2.S
fn=(1416) __strchrnul_avx2
53 12
+2 12
+1 12
+1 12
+1 12
+1 12
+3 12
+1 12
+4 12
+1 12
+1 12
+1 12
+1 12
+1 12
+1 12
+1 6
+13 6
+2 12
+12 6
+1 6
+6 6
+1 12
+48 6
+4 6
+1 6
+1 6
+1 6
+1 6
+1 6
+1 6

fl=(232)
fn=(1418)
27 18
+1 54
-1 126
+4 72
+2 36
+3 18
fi=(262) ./stdio-common/../string/bits/string_fortified.h
-7 18
fe=(232)
+8 36
fi=(262)
-8 18
fe=(232)
+12 18
fi=(262)
-12 18
cob=(4)
cfi=(175)
cfn=(1420) 0x0000000004af16b0
calls=18 -29 
* 294
fe=(232)
+11 54
-9 36
+2 54
+11 108

ob=(4)
fl=(175)
fn=(1354)
0 8
cob=(2)
cfi=(221)
cfn=(1356)
calls=5 158 
0 179732

fn=(1420)
0 36
cob=(2)
cfi=(233)
cfn=(1422)
calls=18 255 
0 258

fn=(1468)
0 10
cob=(2)
cfi=(233)
cfn=(1470)
calls=5 242 
0 70

fn=(1414)
0 24
cob=(2)
cfi=(231)
cfn=(1416)
calls=12 53 
0 282

fn=(1444)
0 2
cob=(2)
cfi=(204)
cfn=(1140)
calls=1 3294 
0 177

ob=(8)
fl=(227) /home/george_wsl/MIPT/ded_sem_2/hash_improvement/./src_O3/hash_cmp_strings.cpp
fn=(1400) hasing_compare_string(hash_value_t, hash_value_t)
37 3122126
+1 3122126
cob=(2)
cfi=(203)
cfn=(1338)
calls=3122126 206 
* 71846044
* 3122126

fl=(217)
fn=(1340) test_string(unsigned int (*)(hash_value_t, lst_hash_table_t*), char**, unsigned int)
48 3000000
+1 1000000
+1 6000000
+2 13000000
+1 5498124
+4 2500955
cfi=(220) /home/george_wsl/MIPT/ded_sem_2/hash_improvement/src/list_hash.cpp
cfn=(1390) add_to_list_table(lst_hash_table_t*, hash_value_t)
calls=500191 +59 
* 354347903
+1 500191
+2 1247800
cfi=(220)
cfn=(1396) delete_from_list_table(lst_hash_table_t*, hash_value_t)
calls=249560 +75 
* 116578820
+1 249560
+2 1251245
cfi=(220)
cfn=(1380) find_list_table(hash_value_t, lst_hash_table_t*)
calls=250249 -48 
* 49296559

fn=(1332)
cfn=(1340)
calls=1 29 
106 554471157

fl=(220)
fn=(1396)
135 2745160
+1 499120
+2 1497360
cfn=(1398) find_with_prev_list_table(hash_value_t, lst_hash_table_t*, lst_hash_node_t**)
calls=249560 -93 
* 105434540
* 249560
+4 499120
+2 333200
+3 248880
+2 184096
cfi=(226) /home/george_wsl/MIPT/ded_sem_2/hash_improvement/src//./src/hash_funcktion.s
cfn=(1382) 0x0000000000002420
calls=16736 16 
* 1432216
* 167360
+1 33472
+4 264896
+2 264896
+1 198672
+1 132448
+1 331120
+4 66224
+1 1996480

fn=(1394) check_coefficient_list_table(lst_hash_table_t*)
167 2492245
+1 1993796
+2 8473633
+2 42
cob=(2)
cfi=(228)
cfn=(1404)
calls=6 28 
* 8174
* 6
+1 6
+1 30
cfi=(225) /home/george_wsl/MIPT/ded_sem_2/hash_improvement/src/common.cpp
cfn=(1370) next_prime(unsigned int)
calls=6 23 
* 5998
* 30
cfn=(1352) reinit_list_table(lst_hash_table_t*, unsigned int)
calls=6 +24 
* 186477
* 30
+2 12
+1 12
+1 12
+1 18
+1 12
+2 12
+3 15168306
cfn=(1391) add_to_list_table(lst_hash_table_t*, hash_value_t)'2
calls=632010 -69 
* 128284788
-3 6952236
+6 12
+1 24
+1 12
+1 12
+3 6
+1 12
-1 498443
+1 996886

fn=(1395) check_coefficient_list_table(lst_hash_table_t*)'2
167 3160050
+1 2528040
+2 10744170
+24 632010
+1 1264020

fn=(1392) give_next_node_pointer(lst_hash_table_t*)
73 5652295
+1 4521836
+2 198672
+1 331120
+1 132448
+3 6385410
+5 13835055
+1 2260918

fn=(1352)
198 36
+5 12
+2 6
+1 24
cob=(2)
cfi=(204)
cfn=(1344)
calls=7 3699 
* 181710
* 6
* 6
+1 12
+2 24
cob=(2)
cfi=(204)
cfn=(1360)
calls=7 3359 
* 1217
* 6
+1 18
+2 18
+2 6
cob=(2)
cfi=(222)
cfn=(1364)
calls=7 26 
* 342
* 6
* 60
cfi=(225)
cfn=(1370)
calls=7 23 
* 1264
* 12
+1 6
cob=(2)
cfi=(222)
cfn=(1364)
calls=7 26 
* 342
* 6
* 60
cfi=(225)
cfn=(1370)
calls=7 23 
* 1248
* 12
+2 6
+1 12

fn=(1380)
15 4502640
+1 5253080
cfi=(226)
cfn=(1382)
calls=750440 * 
* 64490230
* 3752200
+1 5253080
+2 1500880
+2 9486
+5 159579
-2 425544
cfi=(227)
cfn=(1400)
calls=53193 +13 
* 1378031
* 5965576
cfi=(227)
cfn=(1400)
calls=745697 +13 
* 19390842
* 4270847
+5 5965576
cfi=(227)
cfn=(1400)
calls=745697 +8 
* 19510959
* 2982788
+2 1486178
+3 2608
+1 1500880

fn=(1398)
45 1746920
+1 1746920
cfi=(226)
cfn=(1382)
calls=249560 -30 
* 21425152
* 1247800
+1 1746920
+1 249560
+2 499120
+2 3118
+1 3118
+5 2513046
+1 3769569
-3 16654400
cfi=(227)
cfn=(1400)
calls=1329538 -19 
* 34647724
* 8429171
+6 1984008
cfi=(227)
cfn=(1400)
calls=248001 -25 
* 6284866
* 992004
+2 330082
+1 330082
+3 248880
+1 82960
+1 499120

fn=(1390)
116 3001146
+1 3501337
cfi=(226)
cfn=(1382)
calls=500191 16 
* 42965927
* 2500955
+1 500191
+2 2000764
+1 2500955
cfn=(1380)
calls=500191 15 
* 98504445
* 2004248
+3 1495347
cfn=(1392)
calls=498449 -51 
* 14357454
* 498449
+1 1495347
+1 3987592
+1 996898
+1 3489143
+1 2492245
+2 1495347
cfn=(1394)
calls=498449 +36 
* 165061282
* 498449
+1 1000382

fn=(1391)
116 3792060
+1 4424070
cfi=(226)
cfn=(1382)
calls=632010 16 
* 54339618
* 3160050
+1 632010
+2 2528040
+4 1896030
cfn=(1392)
calls=632010 -51 
* 18960300
* 632010
+1 1896030
+1 5056080
+1 1264020
+1 4424070
+1 3160050
+2 1896030
cfn=(1395)
calls=632010 +36 
* 18328290
* 632010
+1 1264020

fl=(226)
fn=(1382)
16 2148937
+2 2148937
+2 2148937
+4 26835806
+1 26835806
+1 26835806
+3 26835806
+1 26835806
+1 26835806
-2 2148937
+1 2148937
+1 2148937
+4 2148937
+1 2148937
+1 2148937
+1 2148937
+3 2148937

fl=(225)
fn=(1372) is_prime(unsigned int)
3 316
+1 158
+3 158
+3 316
+1 74
+3 84
+1 3510
+1 48
-2 2973
+5 18
+1 158

fn=(1370)
23 90
+1 262
cfn=(1372)
calls=62 -21 
* 7160
* 54
cfn=(1372)
calls=20 -21 
* 653
* 237
+1 18
+1 36

totals: 554471157
